0.177558276198
-0.465179673926
-0.552616578836
-1.52822835993
2.87659747248
0.245820421259
2.30058768663
0.322135965456
-1.25556327488
-0.238917507713
-0.363936941926
3.05492273907
0.370072865077
2.26837409009
0.590966098533
-0.817611759943
-0.211305853531
1.23600501984
3.05453924388
0.232014594168
1.11903898476
0.592883574518
-0.613208819957
-0.118116520667
1.11558752799
3.05453924388
0.148412641228
1.05499528687
0.635068046185
-0.537660266154
-0.0928058376671
1.09986422491
3.05530623427
0.0974077800307
1.00322343528
