0.376975778623
-0.296825282456
-0.439868990926
-1.54050020623
3.00200040189
0.144194194061
1.95505851416
0.370072865077
-0.944165174943
-0.353966066805
-1.16966035076
3.05492273907
0.195199055258
2.32704885522
0.634684550988
-1.0250826615
-0.205553425577
1.15470403808
1.8227526712
0.258475762759
1.2279516207
0.657310767609
-0.614359305548
-0.265378676304
1.04809237332
1.56427690845
0.155315554773
1.09142733058
0.6584612532
-0.605155420821
-0.263844695516
1.00514091126
1.63944196705
0.137674775713
1.14511665816
