0.623179695078
-0.74206320614
-0.140359242092
1.25517977969
3.0514712823
0.133839823743
1.06573315238
0.92307293911
-0.567572891518
-0.0905048664852
1.32497590554
3.05453924388
0.0717136018336
0.757403014018
0.951835078883
-0.462878702744
0.0947233136519
1.0887428642
3.05530623427
-0.0579077747427
0.83448554861
0.963339934792
-0.48627190976
0.110830111925
1.05652926766
3.05530623427
-0.0816844769549
0.890859342564
1.00705838725
-0.517335020714
0.0602087459245
1.0009224641
1.67472352517
-0.103160207985
0.954519545262
0.999388483307
-0.597485516881
0.0813009817579
1.18193219707
1.67587401076
-0.104310693576
0.863631183579
0.747432138897
-0.733242816609
0.102393217591
1.22066521196
2.92683534329
-0.135373804531
1.04387392616
0.740912720549
-0.509665116775
0.138825261304
1.15125258131
2.94869456951
-0.133456328546
0.954903040459
0.740145730155
-0.504679679214
0.137291280516
1.14933510532
2.94025767518
-0.13422331894
0.954519545262
