-0.794985543322
-0.190213617698
-0.486655404957
-0.093956323258
-1.69121381864
0.0709466114397
1.82812160396
-0.765456413155
-0.523087448669
-0.56603891073
-0.90159720808
-1.80242742577
0.067495154667
2.23270903677
-0.396534033668
-0.878204001064
-0.62931561823
0.80533991364
-1.50023321055
-0.0176407790607
2.09234979468
-0.320601984668
-1.3169225064
0.17218934344
1.29084483301
-1.69236430423
-0.100475741606
1.85995170531
0.026461168591
-1.35642251169
0.51158259276
1.27435453954
-1.27627201552
-0.10009224641
1.8611021909
0.484354433775
-1.18806812022
0.584830175381
1.06803412357
-1.16697588438
-0.0878204001064
1.97615074999
0.287621397729
-0.616276781533
0.992869064959
1.39170406981
-1.62218468319
-0.0544563179699
1.80664587293
0.241601974092
-0.91923798714
1.21376229841
0.96870886755
-0.477451520229
0.0118883511061
2.18170417557
0.371990341062
-0.726723398261
2.58514112278
1.01012634882
-0.0345145677274
0.0387330148941
2.44554887109
0.651941834851
-0.489339871335
3.05837419585
1.32267493435
-0.0122718463031
0.173339829031
2.14450514146
0.6837719362
-0.128087395788
3.05914118624
1.41241281045
-0.149946622016
0.195966045652
1.55277205254
