0.861713707595
0.0306796157577
3.0004664211
-0.108529140743
1.04195645017
0.99401955055
0.406888403987
0.665747661942
-1.57117982199
2.86010717901
0.185228180137
1.48220893629
0.643121445321
0.145728174849
1.41701475281
-1.51749049442
1.31385454482
0.80533991364
2.01871871686
0.1138980735
-0.311014604744
1.99417502425
-1.5316798167
0.507364145593
1.50445165772
1.91632549927
-0.378893254608
-0.639669988548
2.22542262802
-1.57079632679
-0.698344753685
1.63905847186
1.55814098529
-1.10331568169
-0.677252517851
1.76599538205
-1.57079632679
-1.00207294969
1.57309729798
1.8104808249
-1.59418953381
-0.390781605714
1.60262642814
-1.57117982199
-1.07915548428
0.995170036141
1.99724298583
-1.44424291179
-0.489723366532
1.60262642814
-1.5704128316
-1.07915548428
0.995937026535
1.99724298583
-1.44424291179
-0.490106861729
2.29061681151
-1.34645163657
-1.60492739933
1.21337880322
0.987116637004
-1.42506815195
-0.529606867017
1.97039832204
-1.48949534504
-1.96349540849
1.3295778479
0.7470486437
-1.36831086279
-0.519635991896
1.97001482684
-1.48872835464
-1.96349540849
1.3299613431
0.747815634094
-1.36907785319
-0.52040298229
