0.609757363184
-0.712534075973
-0.137291280516
1.06151470522
3.05338875829
0.121951472637
1.16122345643
0.6078398872
-0.850208851685
-0.110446616728
0.817228264746
3.05453924388
0.10507768397
1.54050020623
0.626247656654
-0.736310778185
-0.11274758791
0.808024380019
3.05338875829
0.100475741606
1.45152932054
0.589048622548
-0.747815634094
-0.00766990393943
0.725956407867
1.31500503041
0.0874369049095
1.5071361241
0.588665127351
-0.908500121625
-0.0126553415001
0.931126338246
1.31078658325
0.0874369049095
1.50406816252
0.646189406897
-0.684538926594
0.0210922358334
0.999388483307
1.36102445405
0.0421844716668
1.19727200494
0.66229620517
-0.59633503129
0.0233932070153
1.06228169561
1.36025746366
0.026844663788
1.09181082578
