-1.61873322642
1.46265068125
1.72457790078
-0.0302961205607
1.8867963691
-0.766990393943
-0.145344679652
-1.61834973122
1.46226718605
1.72496139598
-0.0310631109547
1.8867963691
-0.766990393943
-0.145728174849
-1.61834973122
1.46303417645
1.72457790078
-0.0306796157577
1.8864128739
-0.766990393943
-0.145344679652
-1.61834973122
1.46341767164
1.72496139598
-0.0306796157577
1.88756335949
-0.766606898746
-0.146111670046
-1.61834973122
1.46303417645
1.72496139598
-0.0302961205607
1.8871798643
-0.76737388914
-0.146111670046
-1.61796623602
1.46265068125
1.72496139598
-0.0306796157577
1.8867963691
-0.767757384337
-0.146111670046
-1.61796623602
1.46341767164
1.72457790078
-0.0314466061517
1.8871798643
-0.76737388914
-0.146495165243
-1.61834973122
1.46341767164
1.72496139598
-0.0318301013486
1.8871798643
-0.766990393943
-0.146111670046
-1.61834973122
1.46303417645
1.72496139598
-0.0310631109547
1.8871798643
-0.767757384337
-0.144961184455
-1.61834973122
1.46341767164
1.72534489117
-0.0302961205607
1.8871798643
-0.766990393943
-0.146111670046
-1.61221380807
1.46418466204
1.7218934344
-0.0314466061517
1.88794685469
-0.764305927564
-0.150330117213
-1.61183031287
1.46456815723
1.7226604248
-0.0310631109547
1.88948083548
-0.764305927564
-0.149946622016
-1.61221380807
1.46380116684
1.72112644401
-0.0314466061517
1.88871384508
-0.763922432367
-0.150330117213
-1.61451477925
1.46380116684
1.7222769296
-0.0314466061517
1.88794685469
-0.763922432367
-0.150330117213
-1.61221380807
1.46456815723
1.7218934344
-0.0314466061517
1.88833034989
-0.76353893717
-0.149946622016
-1.61336429366
1.46456815723
1.7218934344
-0.0325970917426
1.88833034989
-0.764305927564
-0.149563126819
-1.61221380807
1.46533514763
1.7215099392
-0.0302961205607
1.88871384508
-0.763922432367
-0.150330117213
-1.61336429366
1.46418466204
1.7222769296
-0.0306796157577
1.88794685469
-0.763922432367
-0.149563126819
-1.61221380807
1.46418466204
1.7218934344
-0.0310631109547
1.88833034989
-0.763922432367
-0.149946622016
-1.61221380807
1.46418466204
1.7218934344
-0.0310631109547
1.88909734028
-0.763922432367
-0.149563126819
-1.61221380807
1.46418466204
1.7222769296
-0.0314466061517
1.88833034989
-0.763922432367
-0.149563126819
-1.61259730326
1.46418466204
1.7226604248
-0.0314466061517
1.88871384508
-0.764305927564
-0.150330117213
-1.61183031287
1.46418466204
1.7218934344
-0.0314466061517
1.88871384508
-0.763922432367
-0.149179631622
-1.61413128405
1.46418466204
1.7215099392
-0.0314466061517
1.88833034989
-0.764305927564
-0.149563126819
-1.61183031287
1.46533514763
1.7215099392
-0.0314466061517
1.88948083548
-0.763155441973
-0.149946622016
-1.61183031287
1.46533514763
1.7218934344
-0.0310631109547
1.88909734028
-0.763155441973
-0.149946622016
-1.61336429366
1.46380116684
1.7215099392
-0.0299126253638
1.88948083548
-0.76353893717
-0.15071361241
-1.61259730326
1.46533514763
1.7215099392
-0.0310631109547
1.88909734028
-0.76353893717
-0.150330117213
-1.61259730326
1.46533514763
1.7218934344
-0.0314466061517
1.88948083548
-0.764305927564
-0.151097107607
-1.61259730326
1.46533514763
1.7215099392
-0.0310631109547
1.88948083548
-0.76353893717
-0.149563126819
-1.61183031287
1.46456815723
1.7218934344
-0.0318301013486
1.88909734028
-0.763922432367
-0.149946622016
-1.61183031287
1.46495165243
1.7218934344
-0.0314466061517
1.88833034989
-0.763922432367
-0.149179631622
-1.61221380807
1.46456815723
1.7218934344
-0.0314466061517
1.88948083548
-0.763155441973
-0.149563126819
-1.61183031287
1.46456815723
1.7218934344
-0.0302961205607
1.88871384508
-0.763922432367
-0.151097107607
-1.61183031287
1.46456815723
1.7215099392
-0.0302961205607
1.88871384508
-0.763155441973
-0.149946622016
-1.61221380807
1.46533514763
1.7215099392
-0.0306796157577
1.88871384508
-0.76353893717
-0.150330117213
-1.61221380807
1.46418466204
1.7215099392
-0.0310631109547
1.88909734028
-0.76353893717
-0.149946622016
-1.61144681767
1.46418466204
1.7218934344
-0.0306796157577
1.88909734028
-0.763155441973
-0.150330117213
-1.61183031287
1.46456815723
1.72112644401
-0.0310631109547
1.88794685469
-0.76353893717
-0.15071361241
-1.61259730326
1.46495165243
1.7215099392
-0.0310631109547
1.88871384508
-0.763155441973
-0.150330117213
-1.61106332248
1.46418466204
1.72112644401
-0.0318301013486
1.88948083548
-0.763922432367
-0.149946622016
-1.61144681767
1.46533514763
1.72112644401
-0.0310631109547
1.88871384508
-0.76353893717
-0.15071361241
-1.61183031287
1.46418466204
1.7215099392
-0.0314466061517
1.88871384508
-0.76353893717
-0.150330117213
-1.61221380807
1.46456815723
1.7218934344
-0.0310631109547
1.88871384508
-0.763155441973
-0.149946622016
-1.61221380807
1.46456815723
1.7218934344
-0.0310631109547
1.88833034989
-0.76353893717
-0.150330117213
-1.61221380807
1.46456815723
1.7218934344
-0.0306796157577
1.88948083548
-0.763155441973
-0.150330117213
-1.61758274083
1.46265068125
1.72572838637
-0.0318301013486
1.8871798643
-0.766606898746
-0.146495165243
-1.61834973122
1.46341767164
1.72534489117
-0.0306796157577
1.8871798643
-0.767757384337
-0.146111670046
-1.61758274083
1.46341767164
1.72534489117
-0.0310631109547
1.8871798643
-0.766606898746
-0.146495165243
-1.61796623602
1.46303417645
1.72496139598
-0.0314466061517
1.8871798643
-0.766990393943
-0.145728174849
-1.61834973122
1.46265068125
1.72611188157
-0.0318301013486
1.88756335949
-0.767757384337
-0.146495165243
-1.61758274083
1.46265068125
1.72496139598
-0.0314466061517
1.88756335949
-0.767757384337
-0.146495165243
-1.61796623602
1.46226718605
1.72534489117
-0.0318301013486
1.8867963691
-0.76737388914
-0.145344679652
-1.61758274083
1.46303417645
1.72496139598
-0.0310631109547
1.8871798643
-0.76737388914
-0.145344679652
-1.61259730326
1.46456815723
1.7215099392
-0.0314466061517
1.88833034989
-0.763155441973
-0.150330117213
-1.61221380807
1.46495165243
1.72112644401
-0.0310631109547
1.88909734028
-0.763922432367
-0.151097107607
-1.61221380807
1.46533514763
1.7218934344
-0.0310631109547
1.88871384508
-0.76353893717
-0.15071361241
-1.61796623602
1.46265068125
1.72496139598
-0.0314466061517
1.8864128739
-0.766990393943
-0.145344679652
-1.61873322642
1.46265068125
1.72457790078
-0.0322135965456
1.88756335949
-0.76737388914
-0.145728174849
-1.61834973122
1.46226718605
1.72496139598
-0.0310631109547
1.88756335949
-0.766990393943
-0.146111670046
-1.61834973122
1.46188369085
1.72457790078
-0.0310631109547
1.88756335949
-0.76737388914
-0.145728174849
-1.61834973122
1.46265068125
1.72534489117
-0.0314466061517
1.8864128739
-0.76737388914
-0.145728174849
-1.61873322642
1.46226718605
1.72572838637
-0.0314466061517
1.8871798643
-0.76737388914
-0.145728174849
-1.61834973122
1.46303417645
1.72534489117
-0.0314466061517
1.8867963691
-0.766990393943
-0.145728174849
-0.00383495196971
1.25671376048
0.0026844663788
0.00153398078789
0.752417576458
0.0026844663788
-0.546480655684
-0.00345145677274
1.25748075087
0.0026844663788
0.00153398078789
0.752417576458
0.0026844663788
-0.548014636472
-0.00383495196971
1.25824774126
0.00383495196971
0.00191747598486
0.752417576458
0.00230097118183
-0.547631141275
-0.00306796157577
1.25824774126
0.00306796157577
0.00191747598486
0.753184566852
0.00191747598486
-0.548014636472
-0.00345145677274
1.25671376048
0.00383495196971
0.00153398078789
0.753184566852
0.0026844663788
-0.548398131669
-0.00383495196971
1.25824774126
0.00383495196971
0.00191747598486
0.752801071655
0.00153398078789
-0.547247646078
-0.00383495196971
1.25748075087
0.00345145677274
0.00153398078789
0.753184566852
0.0026844663788
-0.547631141275
-0.00383495196971
1.25748075087
0.00345145677274
0.00153398078789
0.752417576458
0.00191747598486
-0.548014636472
-0.00421844716668
1.25556327488
0.00383495196971
0.00153398078789
0.752801071655
0.0026844663788
-0.547247646078
-0.00306796157577
1.25786424607
0.0026844663788
0.00191747598486
0.753184566852
0.00153398078789
-0.547631141275
-0.00345145677274
1.25671376048
0.00306796157577
0.00115048559091
0.752417576458
0.00306796157577
-0.548014636472
-0.00383495196971
1.25748075087
0.00306796157577
0.00153398078789
0.752417576458
0.00230097118183
-0.548398131669
-0.00345145677274
1.25863123646
0.00345145677274
0.00153398078789
0.752417576458
0.00230097118183
-0.548398131669
-0.00383495196971
1.25786424607
0.00306796157577
0.00191747598486
0.753184566852
0.00230097118183
-0.546864150881
-0.00421844716668
1.25748075087
0.00230097118183
0.00153398078789
0.752801071655
0.00306796157577
-0.547247646078
-0.00498543756063
1.25709725567
0.00383495196971
0.00191747598486
0.752034081261
0.0026844663788
-0.548014636472
-0.00345145677274
1.25594677008
0.00383495196971
0.00153398078789
0.753951557246
0.00191747598486
-0.548014636472
-0.00383495196971
1.25824774126
0.00306796157577
0.000383495196971
0.753568062049
0.0026844663788
-0.547247646078
-0.00345145677274
1.25863123646
0.00383495196971
0.00153398078789
0.752801071655
0.00191747598486
-0.548014636472
-0.00383495196971
1.25671376048
0.00345145677274
0.00306796157577
0.750116605276
0.00230097118183
-0.547631141275
-0.00421844716668
1.25671376048
0.00421844716668
0.00115048559091
0.751650586064
0.0026844663788
-0.548014636472
-0.00421844716668
1.25671376048
0.00306796157577
0.00191747598486
0.752417576458
0.00345145677274
-0.548398131669
-0.00345145677274
1.25748075087
0.00383495196971
0.000383495196971
0.753184566852
0.00230097118183
-0.548014636472
-0.00383495196971
1.25709725567
0.0026844663788
0.00191747598486
0.753184566852
0.00230097118183
-0.548781626866
-0.00421844716668
1.25748075087
0.00306796157577
0.00153398078789
0.752801071655
0.00230097118183
-0.547631141275
-0.00383495196971
1.25786424607
0.0026844663788
0.00153398078789
0.752417576458
0.0026844663788
-0.54571366529
-0.00383495196971
1.25786424607
0.0026844663788
0.00153398078789
0.753184566852
0.00230097118183
-0.548398131669
-0.00345145677274
1.25824774126
0.00460194236366
0.00153398078789
0.753184566852
0.0026844663788
-0.548014636472
-0.00421844716668
1.25594677008
0.00306796157577
0.00230097118183
0.752417576458
0.0026844663788
-0.546097160487
-0.00421844716668
1.25748075087
0.00306796157577
0.00153398078789
0.752801071655
0.0026844663788
-0.548014636472
-0.00383495196971
1.25748075087
0.00383495196971
0.00230097118183
0.752417576458
0.00230097118183
-0.546097160487
-0.00421844716668
1.25709725567
0.00345145677274
0.00230097118183
0.752801071655
0.0026844663788
-0.547247646078
-0.00345145677274
1.25709725567
0.00345145677274
0.00230097118183
0.752417576458
0.00306796157577
-0.546097160487
-0.00306796157577
1.25824774126
0.00345145677274
0.00153398078789
0.752417576458
0.00230097118183
-0.547247646078
-0.00345145677274
1.25709725567
0.00345145677274
0.00115048559091
0.752417576458
0.00191747598486
-0.548014636472
-0.00345145677274
1.25671376048
0.00345145677274
0.00115048559091
0.752801071655
0.00306796157577
-0.548398131669
-0.00345145677274
1.25824774126
0.00306796157577
0.00230097118183
0.752417576458
0.00306796157577
-0.547631141275
-0.00383495196971
1.25901473166
0.00306796157577
0.00115048559091
0.752801071655
0.00230097118183
-0.546864150881
-0.00383495196971
1.25748075087
0.00383495196971
0.00191747598486
0.752801071655
0.00230097118183
-0.54571366529
-0.00421844716668
1.25824774126
0.0026844663788
0.00191747598486
0.752417576458
0.0026844663788
-0.548014636472
-0.00383495196971
1.25748075087
0.00306796157577
0.00115048559091
0.753568062049
0.00306796157577
-0.547631141275
-0.00345145677274
1.25709725567
0.00306796157577
0.00230097118183
0.753184566852
0.0026844663788
-0.546480655684
-0.00345145677274
1.25748075087
0.00345145677274
0.00153398078789
0.752801071655
0.00191747598486
-0.547631141275
-0.00383495196971
1.25786424607
0.00306796157577
0.00153398078789
0.752034081261
0.0026844663788
-0.546097160487
-0.00345145677274
1.25748075087
0.00306796157577
0.00191747598486
0.753568062049
0.00230097118183
-0.547247646078
-0.00421844716668
1.25748075087
0.00383495196971
0.00191747598486
0.752417576458
0.00230097118183
-0.547631141275
-0.00383495196971
1.25824774126
0.0026844663788
0.00153398078789
0.753184566852
0.00230097118183
-0.548014636472
-0.00383495196971
1.25709725567
0.00345145677274
0.00191747598486
0.752417576458
0.00191747598486
-0.546864150881
-0.00383495196971
1.25748075087
0.00345145677274
0.00153398078789
0.753568062049
0.0026844663788
-0.547631141275
-0.00421844716668
1.25786424607
0.00306796157577
0.00115048559091
0.751650586064
0.0026844663788
-0.547247646078
-0.00345145677274
1.25709725567
0.00230097118183
0.00115048559091
0.752034081261
0.00230097118183
-0.548014636472
-0.00345145677274
1.25748075087
0.00306796157577
0.00191747598486
0.752801071655
0.00230097118183
-0.547247646078
-0.00421844716668
1.25748075087
0.00345145677274
0.00153398078789
0.752801071655
0.00306796157577
-0.547631141275
-0.00345145677274
1.25786424607
0.0026844663788
0.00230097118183
0.752417576458
0.00191747598486
-0.547247646078
-0.00306796157577
1.25633026528
0.0026844663788
0.00115048559091
0.753184566852
0.0026844663788
-0.547247646078
-0.00383495196971
1.25748075087
0.00383495196971
0.00191747598486
0.752417576458
0.0026844663788
-0.547631141275
-0.00421844716668
1.25786424607
0.00306796157577
0.00115048559091
0.753184566852
0.0026844663788
-0.547247646078
-0.00345145677274
1.25709725567
0.00345145677274
0.00230097118183
0.753568062049
0.00230097118183
-0.547247646078
-0.00345145677274
1.25748075087
0.00306796157577
0.00115048559091
0.752801071655
0.0026844663788
-0.548014636472
-0.00383495196971
1.25786424607
0.00460194236366
0.00230097118183
0.752801071655
0.00230097118183
-0.548014636472
-0.00421844716668
1.25709725567
0.00345145677274
0.00230097118183
0.752417576458
0.00230097118183
-0.547631141275
-0.00383495196971
1.25709725567
0.0026844663788
0.00191747598486
0.752801071655
0.00191747598486
-0.548014636472
-0.00383495196971
1.25786424607
0.00345145677274
0.000766990393943
0.753184566852
0.00306796157577
-0.547247646078
-0.00345145677274
1.25786424607
0.00306796157577
0.00191747598486
0.753184566852
0.00230097118183
-0.547247646078
-0.00345145677274
1.25671376048
0.00383495196971
0.00115048559091
0.752801071655
0.0026844663788
-0.547631141275
-0.00421844716668
1.25709725567
0.00345145677274
0.00230097118183
0.752801071655
0.00191747598486
-0.548398131669
-0.00345145677274
1.25709725567
0.00306796157577
0.00153398078789
0.752417576458
0.00230097118183
-0.546864150881
-0.00306796157577
1.25748075087
0.00460194236366
0.00191747598486
0.752417576458
0.00230097118183
-0.548398131669
-0.00383495196971
1.25748075087
0.00345145677274
0.00115048559091
0.752417576458
0.0026844663788
-0.547247646078
-0.00383495196971
1.25633026528
0.00306796157577
0.00115048559091
0.753184566852
0.0026844663788
-0.547631141275
-0.00383495196971
1.25671376048
0.00345145677274
0.00230097118183
0.752034081261
0.00230097118183
-0.547247646078
-0.00383495196971
1.25786424607
0.00421844716668
0.00153398078789
0.753568062049
0.00230097118183
-0.548014636472
-0.00383495196971
1.25786424607
0.00421844716668
0.00153398078789
0.752417576458
0.00191747598486
-0.547631141275
-0.00383495196971
1.25748075087
0.00383495196971
0.00230097118183
0.752417576458
0.00230097118183
-0.547247646078
-0.00345145677274
1.25748075087
0.00306796157577
0.00230097118183
0.752034081261
0.00191747598486
-0.548398131669
-0.00345145677274
1.25786424607
0.00306796157577
0.00153398078789
0.752801071655
0.00191747598486
-0.548014636472
-0.00421844716668
1.25748075087
0.00345145677274
0.00153398078789
0.752417576458
0.0026844663788
-0.548014636472
-0.00421844716668
1.25633026528
0.00306796157577
0.00115048559091
0.752801071655
0.00306796157577
-0.548398131669
-0.00383495196971
1.25786424607
0.00306796157577
0.00230097118183
0.752417576458
0.00230097118183
-0.546480655684
-0.00345145677274
1.25786424607
0.00383495196971
0.00230097118183
0.752801071655
0.0026844663788
-0.547631141275
-0.00651941834851
1.25517977969
0.00882038953034
0.00191747598486
0.753951557246
0.00191747598486
-0.548014636472
-0.00613592315154
1.25441278929
0.00728640874246
0.00230097118183
0.753568062049
0.00191747598486
-0.548014636472
-0.0053689327576
1.25441278929
0.00843689433337
0.00230097118183
0.754335052443
0.00191747598486
-0.548398131669
-0.00345145677274
1.26361667402
0.00575242795457
-0.00191747598486
0.752801071655
-0.00306796157577
-0.548014636472
-0.00383495196971
1.26323317882
0.00498543756063
-0.00191747598486
0.753568062049
-0.0026844663788
-0.547631141275
-0.00498543756063
1.26169919804
0.00460194236366
-0.00191747598486
0.753568062049
-0.00345145677274
-0.547247646078
-0.00421844716668
1.26208269323
0.00575242795457
-0.00153398078789
0.753184566852
-0.00306796157577
-0.547631141275
-0.00383495196971
1.26284968363
0.00690291354548
-0.00230097118183
0.753568062049
-0.00345145677274
-0.547247646078
-0.00383495196971
1.26208269323
0.0053689327576
-0.00153398078789
0.753568062049
-0.00345145677274
-0.548014636472
-0.00460194236366
1.26131570284
0.00460194236366
-0.00191747598486
0.753568062049
-0.00345145677274
-0.547247646078
-0.00460194236366
1.26093220764
0.00383495196971
-0.00153398078789
0.754335052443
-0.00383495196971
-0.547247646078
-0.00421844716668
1.26093220764
0.00460194236366
-0.00153398078789
0.754335052443
-0.00306796157577
-0.547631141275
-0.00421844716668
1.26208269323
0.00498543756063
-0.00191747598486
0.753568062049
-0.00230097118183
-0.548014636472
-0.00498543756063
1.26131570284
0.00460194236366
-0.00191747598486
0.753184566852
-0.00306796157577
-0.548398131669
-0.00575242795457
1.25671376048
0.00345145677274
-0.00460194236366
0.75471854764
0.00230097118183
-0.551466093245
-0.00575242795457
1.25633026528
0.00345145677274
-0.00345145677274
0.754335052443
0.00230097118183
-0.552233083639
-0.00575242795457
1.25709725567
0.00345145677274
-0.00306796157577
0.754335052443
0.00230097118183
-0.553000074033
0.00153398078789
1.24712638055
0.00345145677274
0.00920388472731
0.766223403549
-0.0107378655152
-0.554150559624
0.00191747598486
1.24712638055
0.00306796157577
0.00843689433337
0.768524374731
-0.0107378655152
-0.55338356923
