0.183310704152
-0.654242806033
-0.589815612942
-1.12862636469
3.03498098883
0.094339818455
2.32206341766
0.203252454395
-0.113131083107
-0.575626290654
-1.48527689787
3.05530623427
0.139592251698
1.64289342383
0.253490325198
-0.0510048611972
-0.548398131669
-1.5704128316
3.01657321938
0.149946622016
1.61183031287
0.284553436153
-0.0813009817579
-0.495475794487
-1.5700293364
3.00238389709
0.150330117213
1.68009245793
0.261543724334
-0.141126232485
-0.546097160487
-1.50291767693
3.04610234954
0.114281568697
1.69926721778
0.0839854481367
-0.271898094653
-0.754335052443
-1.52439340796
3.00545185866
0.0766990393943
2.02447114481
0.616276781533
-0.390781605714
-0.133839823743
-1.57117982199
2.86854407335
0.162985458713
2.34584011987
0.633534065397
-0.162601963516
-0.0816844769549
-1.57156331719
2.94601010313
0.209771872743
1.80933033931
0.548781626866
-0.118500015864
-0.234699060546
-1.57117982199
2.94370913195
0.210538863137
1.77098081961
