0.615126295942
-0.696043782503
-0.126169919804
1.12824286949
3.04840332073
0.135757299728
1.12133995594
0.887407885792
-0.429131125411
0.0513883563942
1.2283351159
3.05453924388
-0.0632767075003
0.654242806033
0.905432160049
-0.385412672956
0.0862864193186
1.19497103376
3.05492273907
-0.103927198379
0.655776786821
0.917320511155
-0.388480634532
0.0747815634094
1.19612151935
2.49118479953
-0.107378655152
0.658844748397
0.934577795019
-0.401902966426
0.0697961258488
1.19650501455
1.42967009431
-0.117349530273
0.686839897776
0.93572828061
-0.455208798805
0.0705631162427
1.25901473166
1.4304370847
-0.120800987046
0.686456402579
0.886257400201
-0.731708835821
0.0836019529398
1.27780599631
2.45513625101
-0.164135944304
0.979446733065
0.801888456867
-0.640436978942
0.111980597516
0.960271973216
2.89117028997
-0.178708761789
1.19803899534
