0.154932059576
-0.213606824713
-0.653092320442
-1.55622350931
2.96556835818
0.102776712788
1.91670899446
0.274966056228
-0.093189332864
-0.527689391033
-1.57079632679
3.01235477221
0.116199044682
1.6582332317
0.28493693135
-0.0985582656216
-0.495859289684
-1.57117982199
3.00276739229
0.128470890985
1.69850022739
0.20133497841
-0.210538863137
-0.600553478457
-1.48834485945
3.05568972947
0.102393217591
1.78900509387
0.20516993038
-0.505063174411
-0.637369017366
-1.57117982199
2.80066542348
0.1138980735
2.43327702478
0.541878713321
-0.165286429895
-0.166820410683
-1.5704128316
2.82290814491
0.256941781971
1.87030607563
