0.61282532476
-0.693359316124
-0.110830111925
1.16314093241
3.05453924388
0.126936910198
1.0764710179
0.610524353578
-0.890859342564
-0.103927198379
0.84714089011
3.05492273907
0.109679626334
1.57386428837
0.635835036579
-0.718669999124
-0.10891263594
0.821063216716
3.02922856088
0.0970242848338
1.42851960872
0.653859310836
-0.739762234958
-0.116582539879
0.811475836791
1.46533514763
0.080533991364
1.45152932054
0.646189406897
-0.737461263776
-0.0820679721519
0.832951567822
-0.167970896273
0.0866699145155
1.44731087337
0.655393291624
-0.745514662912
-0.0720970970306
0.788082629776
-1.69543226581
0.0701796210458
1.47223806117
0.655393291624
-0.883572933822
-0.0720970970306
0.824514673488
-1.69811673219
0.0747815634094
1.5573739949
0.643888435715
-0.603237944836
-0.0333640821365
1.15508753328
-1.79974295939
0.0483203948184
1.02086421434
0.648873873276
-0.605922411215
-0.0325970917426
1.03735450781
-1.73953421346
0.0418009764699
1.11328655681
