0.7470486437
-0.652325330048
0.0237767022122
1.13399529744
2.98205865165
-0.0897378760913
1.08529140743
0.898145751307
-0.40650490879
0.106228169561
1.31500503041
3.05530623427
-0.128087395788
0.592883574518
0.920388472731
-0.320601984668
0.137291280516
1.28470890985
3.05530623427
-0.164519439501
0.530757352608
0.928058376671
-0.32290295585
0.139592251698
1.28547590025
2.44631586148
-0.165669925092
0.534592304578
0.929208862262
-0.325587422229
0.144577689258
1.30311667931
1.41202931525
-0.166053420289
0.538810751745
0.928058376671
-0.410723355956
0.143427203667
1.40896135367
1.45383029172
-0.173339829031
0.54571366529
0.7723593267
-0.6837719362
0.110446616728
1.11673801358
1.2919953186
-0.194048569668
1.11098558563
0.791917581746
-0.610524353578
0.173723324228
1.04003897419
1.29889823214
-0.191364103289
1.1401312206
