0.61666027673
-0.717136018336
-0.131538852561
1.16390792281
3.0522382727
0.128854386182
1.07110208514
0.892776818549
-0.409189375168
-0.00920388472731
1.2793399771
3.05453924388
-0.0383495196971
0.605538916018
0.898145751307
-0.344762182077
0.0820679721519
1.25211181811
3.05492273907
-0.0970242848338
0.574092309866
0.904281674458
-0.347063153259
0.0866699145155
1.25633026528
2.29253428749
-0.10009224641
0.577543766639
0.901213712883
-0.368155389092
0.103160207985
1.24904385654
1.22143220235
-0.101242732
0.618961247912
0.896228275322
-0.371990341062
0.102393217591
1.25517977969
-0.162985458713
-0.105461179167
0.627398142245
0.897378760913
-0.494325308896
0.100475741606
1.37137882437
-0.123868948622
-0.109679626334
0.646189406897
0.722121455897
-0.692975820927
0.0901213712883
1.17119433155
-0.258859257956
-0.12540292941
1.09948072972
0.741679710943
-0.615126295942
0.106228169561
1.05729625805
-0.266912657092
-0.118883511061
1.1401312206
